21 8584 9664 11172 11368 13120 16960 18816 8092 8256 10860 13100 14408 14812 15056 16820 17576 17688 17696 18012 19820 19832 
19 8744 9992 11288 13228 14852 17748 9720 10788 10820 11020 11152 11232 11500 12420 13448 15116 15584 15732 18484 
27 9640 9848 11844 12772 13152 16280 16312 17492 17508 7888 8380 11740 12256 12736 13012 13320 13696 13888 14864 15592 16200 16240 16300 17792 18208 19660 19804 
48 7828 7928 8032 8792 10296 10508 10656 11440 12452 13388 13976 14440 16212 18416 18760 19220 19512 19776 8592 8788 8920 9356 10076 10320 10460 10876 10932 13284 13432 13532 13688 14368 14800 14896 15000 15032 15516 15524 16120 16916 17136 17260 18172 18460 19080 19136 19152 19648 
22 10392 10772 11496 11672 15112 16588 19516 8152 8388 9180 11264 11372 11396 13444 15368 15676 15708 16436 16912 18072 18212 18996 
20 9848 10340 13152 13320 17492 19660 8084 8164 8848 11520 11740 11844 12736 13012 16280 16300 17384 17508 18432 19804 
24 10488 11588 13244 13880 15028 15880 17952 19464 10040 10652 11088 11112 11668 11752 12308 12348 12472 12640 13412 13556 15428 18224 18740 19676 
39 8156 8196 8764 8948 9732 10976 11852 13352 13576 15204 17268 17656 18860 8496 8556 9200 9256 9604 10196 10252 10312 11196 11464 13740 13752 14200 14248 14632 15664 15932 16320 16344 17272 17776 18060 18260 18324 19292 19696 
32 9180 10392 10488 10652 12316 13380 13412 15268 15872 19464 8152 9408 10528 11084 11088 11568 11672 11752 12348 13244 13384 13444 15428 15880 16112 16912 17628 17952 18996 19020 19516 19720 
26 8704 8712 14012 14380 16540 18248 18692 18912 7952 8132 8784 8812 9876 10712 10972 11176 11876 12884 13088 14404 15944 16860 17028 17076 17124 18728 
19 12128 13520 14716 15936 15952 16384 9096 9624 9920 11624 12048 13208 14968 16996 17004 17056 18220 19144 19232 
31 7828 8160 8216 9924 10508 10764 13388 13976 17136 18460 18760 7928 8032 8592 8792 8856 9888 12916 13432 13892 14800 14896 15000 15504 16916 17336 18172 19220 19264 19428 19776 
22 9848 11844 12700 12772 13152 17508 18208 8400 8544 8616 10568 11740 12736 13320 15220 15592 16200 16240 16300 17492 17792 19660 
53 7828 7928 8160 8216 8492 8920 9924 10508 10764 12452 13388 13892 14800 15032 15504 17136 17336 18460 19264 19828 8032 8500 8592 8792 8856 9356 9376 9888 10076 10176 12032 12100 12916 13432 13644 13976 14896 15000 15604 16040 16212 16296 16552 17408 18008 18172 18416 18760 18824 19152 19220 19428 19776 
24 7828 8216 8856 9924 13388 17136 18760 19264 8032 8492 9276 10508 10764 12520 12916 13976 14896 15000 18172 18460 19152 19220 19428 19776 
23 7972 8192 8300 12272 14216 17624 19256 8040 8436 10244 12164 12416 12564 13584 13776 13820 13952 14768 14848 15792 16124 17524 19840 
43 7828 8032 8216 8792 8856 9924 10764 12452 12520 13388 13976 15032 15504 18172 18760 7928 8072 8160 8492 9276 9356 9376 9888 10508 10932 13644 14800 14896 15000 16040 16120 16212 16552 16916 17136 17408 18460 18824 19220 19264 19428 19624 19776 
18 9088 9200 12392 14460 17444 8764 8952 9604 11744 13044 13352 13752 14248 14516 14772 17656 17780 18036 
24 7928 8792 10508 12452 13976 15032 18172 18760 7828 8032 9356 9376 10076 10932 13388 13432 13644 14800 16212 16552 16916 19264 19624 19776 
31 10040 10652 11588 13216 13380 13412 15880 16800 17952 18288 18740 8272 9180 10488 11112 11568 11752 12168 12308 12640 13244 13444 15172 15364 15428 15996 16112 16140 16360 18184 19464 
32 10088 10392 11672 16036 16444 16616 16912 18088 18132 18196 7996 8620 9104 9180 9488 10092 10880 11084 11576 13188 13384 13400 13444 15588 15712 16024 16436 16660 18996 19060 19096 19516 
24 9308 13792 14276 16728 16816 18592 18960 19092 9344 9592 9712 10968 12652 13096 13332 14164 15448 16168 16516 16772 17676 18240 18828 18836 
20 7828 7928 12452 13388 13976 15032 18760 8032 8792 9376 9924 10076 10508 16212 16552 16916 18172 18460 19220 19776 
19 9972 10336 10352 13536 17480 19716 9608 10060 11044 13544 13672 15404 16140 17768 17936 18180 19116 19344 19496 
27 10940 14292 15012 16344 17108 18464 19300 19728 8000 9652 9732 9940 10224 11108 11356 11812 12084 12180 13368 13944 14232 14632 14656 14788 17928 18044 19192 
22 8448 8636 10900 15508 16324 17080 19428 9708 9804 9864 10568 12252 12520 12588 13200 15908 17600 18040 18080 18776 18940 19732 
23 8296 10720 11384 14464 15328 15500 17200 18232 8308 8596 10548 12396 12704 12972 13864 13964 13996 15196 16264 18312 18976 19228 19392 
28 9940 10696 15088 15784 16072 17088 17820 18492 19424 8632 8732 8824 9744 10224 11236 11436 11804 11964 13484 14820 15012 15272 16640 16764 17044 17300 18356 19412 
30 7828 7928 8032 9924 10388 10508 12452 13388 15000 15032 18760 8216 8788 9376 10076 13432 13976 14220 14800 14896 15964 16120 16212 16552 17136 17600 18172 18460 19220 19776 
32 7844 9848 11844 12772 12868 13996 16200 17508 17792 19188 19760 9864 10420 10428 11384 11740 12736 12788 12792 13152 13320 13864 13968 15508 15592 16240 16300 16900 18208 18232 19228 19660 
32 7828 7928 8032 9924 10508 12452 13388 15000 15032 16212 18760 19776 8216 8788 9376 10076 10388 10460 13432 13976 14800 14896 15516 16120 16552 17136 17640 18172 18460 19136 19220 19648 
37 7928 8072 9924 10508 12452 13388 13976 15032 16276 18172 18760 19152 19264 7828 8032 8216 8792 9376 10076 12520 12916 13432 13644 14528 14800 14896 15620 16212 16296 16552 16916 17136 17408 17640 18460 19624 19776 
36 7828 7928 8216 8592 9924 10508 12452 13388 13976 14800 15032 18460 18760 19264 8032 8072 8160 8792 8856 9376 10076 10764 12100 13432 14064 14896 16212 16296 16552 16916 17136 17336 18172 19220 19512 19776 
29 7820 10332 12620 14512 14960 15860 15900 16992 17880 19504 10984 12928 13040 13060 13336 13468 13940 13948 14524 14812 15020 16064 16532 16608 16884 18732 19332 19600 19796 
17 10332 12620 13948 14960 16992 7820 10596 12928 13060 13940 14384 14512 15860 16532 17940 19600 19796 
22 7828 8216 9924 10508 13388 15000 17136 7928 8032 8788 8856 10388 10764 12916 13432 14800 14896 18460 18760 19220 19264 19732 
42 7828 7928 8216 9924 10508 11440 12452 13388 13976 15032 17136 18760 19220 19428 19732 8032 8492 8636 8788 8792 8856 9376 10076 10764 12916 13432 14800 14896 15000 15224 16212 16552 16916 17264 18080 18104 18172 18460 19080 19264 19512 19776 
26 8100 8400 11920 12700 12800 13924 16032 16364 7856 8376 8716 9820 10464 10864 11520 11632 13836 14072 15076 15780 15924 17384 17488 17568 17924 18208 
42 7828 7928 8216 8528 9924 10508 12452 13388 13432 15032 16196 16552 17136 18760 19264 8032 8072 8856 9376 10076 10460 10536 10764 12916 13124 13264 13476 13976 14800 14896 15000 16120 16212 16296 16304 17808 18172 18460 18500 19220 19732 19776 
77 8824 9740 9892 10272 10696 10780 10940 11108 11976 12180 13368 13484 13944 14656 15080 15124 15656 15784 16344 16624 16708 17108 17240 17680 18464 18492 19300 19424 19728 8116 8196 8632 9288 9600 9652 9660 9732 9940 10004 10128 10224 10476 10728 10760 11196 11312 11348 11356 11512 11796 11804 12656 12712 12904 12968 13328 13740 13908 14060 14232 14292 14352 14592 14788 15012 15088 16072 16244 16468 17004 17164 17300 17820 17928 18044 18980 19192 
34 7928 8032 9924 10508 12452 13388 13976 14896 15032 16552 17136 18760 7828 8216 8792 9376 10076 11440 12916 13264 13432 13800 14800 15000 16120 16196 16212 16916 17808 18008 18172 18460 19732 19776 
29 10164 11036 13460 13652 14988 15488 15636 15704 18656 7824 8628 8664 9100 9860 9968 10964 11432 12096 13176 13684 14480 14572 15452 16192 17788 18344 18668 19160 19668 
25 9848 10340 11740 11844 12772 13152 17384 17508 17792 7932 8084 12256 12700 12736 12868 13320 15572 15592 16200 16240 16300 17492 19660 19760 19804 
31 8400 10340 11520 11740 11844 12700 15220 16200 17384 17508 19660 7856 7932 8084 8848 9848 10464 12256 12772 13152 13320 13924 15572 15592 16240 16300 16364 16900 17924 18208 19188 
27 8176 10144 10444 10592 12288 13268 18680 18768 19480 7876 7912 9056 9076 10108 10736 11028 11984 12876 14044 14076 14964 15288 17704 18784 19404 19628 19876 
25 8304 8388 10564 12296 13400 13680 15984 16024 16660 7832 8620 8676 11412 11496 11576 11788 12056 12716 12976 14092 15164 16036 16616 17396 18132 
31 8124 9816 11332 11620 11640 13636 14124 14244 16220 17168 8184 8608 9020 9428 9532 9852 9872 12192 13056 13676 14264 14932 15128 15460 16224 16396 16500 17732 18812 19140 19408 
21 9848 11740 11844 13152 13320 16200 16900 8164 10340 10636 12736 12772 15572 16240 16300 17384 17492 18432 19188 19660 19764 
28 9348 10892 11236 12844 15692 17920 18712 19544 9940 11312 12140 12432 12904 13576 13908 14332 14388 14496 14604 14692 16428 16584 17184 17516 17904 18764 18900 18948 
28 7928 8792 9356 9924 12452 13388 13976 15032 18760 7828 8032 8216 9376 10076 10508 10932 13632 14576 14800 14896 16212 16552 16916 17136 17336 18172 18460 19776 
45 8056 8528 9332 10536 11076 12452 13124 13264 13396 13432 14832 15032 16196 16304 16552 18500 7928 8032 8232 8436 8688 9376 10124 10460 10508 11864 12076 12476 13140 13476 13584 13896 14868 15564 16120 16212 16636 17260 17312 17540 17808 19220 19304 19520 19776 
43 8584 8804 9072 9108 9164 9664 13120 14548 15056 15596 16048 17232 19212 19820 8236 8460 8504 9468 9796 10324 10588 10724 10860 11172 11944 11956 12040 12536 13180 13252 13940 14268 14340 14344 15060 16308 16980 17228 17576 17696 18012 18064 18816 
38 7888 10340 11740 12772 12868 13152 13968 16280 17384 17492 17792 18444 19188 7932 8084 8380 9848 10428 11212 12256 12700 13012 13320 13996 14864 15572 15592 16200 16300 17508 18176 18696 18940 19228 19660 19760 19764 19804 
27 7828 7928 8792 10508 12452 13976 15032 18760 19648 19776 8032 9356 9376 10076 10932 12916 13388 13432 14800 16212 16552 16916 17500 17640 17908 18172 19220 
21 9972 10352 10960 11044 17480 17936 19716 8868 9608 10060 12556 13536 13544 13904 14628 15652 16140 16572 17768 18180 19496 
26 9228 14356 16392 16836 17940 17948 18136 18756 19184 8800 9092 9148 9300 9576 10596 11480 11760 13712 13948 15020 15168 17324 18116 18988 19460 19552 
43 7828 7928 8032 8216 8492 8856 9888 9924 12252 12452 13388 15032 17136 18760 19428 19776 8636 9276 9376 9804 9916 10076 10508 10764 12520 12916 13976 14896 15000 16120 16212 16552 17264 17752 18008 18080 18172 18460 19220 19264 19648 19732 19828 
32 7828 8032 8792 9704 10932 12508 12544 13388 13976 18760 7928 8424 9356 9924 10076 10508 10988 11060 12452 13600 13704 14284 14800 15000 16120 16916 17428 18172 18300 18460 19220 19776 
29 7996 9104 10092 11716 13524 15712 18088 18352 18780 7968 7992 10520 11004 11412 12492 13032 14936 15300 16036 16444 16616 16736 17060 17740 18132 18196 18236 19148 19672 
16 15448 15804 16516 16728 18828 8012 9308 9344 9592 12668 14276 15600 16168 16292 16456 17872 
28 8576 9420 14376 14520 14804 15972 17040 17732 19320 8184 8608 9572 9816 11604 12188 12208 12632 12988 13056 13676 14068 14124 14792 15752 17572 18028 18972 19788 
21 8308 10620 11120 14616 16932 17032 18312 8508 10692 10720 10996 12628 13028 13364 13984 15196 15232 17440 17448 18232 19752 
24 9732 9940 13944 14632 15012 18060 18260 18464 9132 10252 10696 11236 11312 13576 13740 14232 14656 15204 16320 16344 17776 18356 18712 19616 
21 9212 9712 10376 10716 14192 16580 16700 9460 9676 11840 14276 14288 14360 14948 16372 16416 16852 17320 17872 19084 19532 
22 8008 11880 12964 13000 13224 17744 18400 7916 8672 8852 9476 9716 11020 11788 12296 12992 13956 14092 14676 15108 16172 17152 
19 10168 13076 13344 18540 19552 19808 8484 10724 11260 13552 14272 14624 14704 14740 17224 17840 17948 19460 19592 
29 7928 8032 8592 8792 12452 13976 14800 15032 18760 19776 7828 8332 9356 9376 10508 10932 12100 12916 13388 14064 15000 16120 16212 16552 16916 18172 18460 19512 19648 
34 9068 9140 9744 10760 11436 11700 12004 16072 17088 17868 18516 7900 9660 11024 11188 11796 12900 13368 14500 14820 15272 16680 16976 17164 17300 17452 17560 18092 18148 18364 18492 19412 19476 19836 
31 7828 8792 11440 13388 13976 16916 18172 18760 19220 19624 7928 8032 8332 8788 9356 9924 10932 11508 12528 13124 13644 14800 14896 15096 15224 17908 18460 19032 19264 19512 19776 
30 8328 10816 11004 11448 12072 12292 12372 17076 18296 18692 7952 8452 9316 9876 10240 10872 10972 11556 12504 13088 13348 13804 15140 15248 15944 16540 16656 16752 17028 18696 
21 10248 12460 12820 14052 15856 19164 19632 10848 11776 11900 12780 13440 13844 14400 14692 15576 16732 16840 17516 19508 19888 
34 10040 10436 11588 12640 13216 13244 15380 15880 16800 17952 18288 8272 8408 9388 9764 10488 10652 10936 11112 11736 12168 12308 12472 15172 15428 15996 16112 16140 16360 18184 18224 18740 19196 19464 
33 8100 10488 11088 11112 13244 13312 13836 13924 15880 19676 8376 9560 9764 10416 10632 10676 11520 11920 12448 12472 12948 13412 13880 14072 15428 15492 15780 16316 16876 17952 18224 18368 19464 
24 9072 9796 13344 14704 14888 16048 17228 19748 9108 9168 10324 10724 11316 11484 11616 12044 13180 14268 14420 15596 15992 18540 18896 19376 
27 10620 12424 13028 14616 15196 16932 17032 17200 18312 7836 8296 8308 8452 8508 9328 10996 11120 11384 12972 13364 16252 17440 17448 18232 18436 18908 19752 
29 7828 8032 9924 12452 13388 15000 15032 17136 18760 19220 7928 8216 8788 9376 10388 10508 11440 12916 13124 13976 14896 16120 16212 16552 18172 18460 19512 19732 19776 
19 11788 11880 12964 13956 14676 17744 18400 8620 8672 8852 9716 10880 11020 13000 13224 15280 15980 16172 17152 
27 7992 10748 11568 13380 15712 16036 17528 18352 19604 8916 9180 10652 11808 12308 12316 12492 13032 13384 13400 14024 16616 17060 17628 18088 18188 19060 19884 
29 7968 10520 10928 13304 13524 15216 15300 16260 17060 18196 7996 8488 8808 9104 10092 10908 11716 12440 14036 16400 16444 17096 17176 17740 18088 18352 18456 19048 19672 
31 9560 10400 11112 13244 13412 15028 15840 15880 18224 19464 7852 8272 8908 9748 9764 10488 10652 10920 11668 11752 12088 12472 12948 13312 13444 13556 15428 17036 17952 18072 18184 
29 9348 9940 11236 15012 17820 17832 17968 18356 19424 9120 9988 10696 11804 12432 13908 13944 14180 14632 15004 15784 16528 16764 17920 18464 18492 18712 18748 18764 19340 
25 7960 9056 10444 11028 13268 14964 17704 18768 7848 7876 8076 10144 12276 12796 12856 12876 12880 14044 15288 15400 15844 16920 18680 19100 19876 
17 12128 13520 14716 15936 16384 9096 9624 12048 13208 14968 15952 16996 17004 17056 18220 19144 19232 
24 7828 8032 9924 12452 13388 13976 15032 18760 7928 8216 8792 9376 10508 14896 15000 16120 16212 16552 16916 17136 18172 18460 19220 19776 
22 10760 11700 12740 13368 14500 17556 18516 8000 8940 9068 9140 9744 10940 11024 11804 14292 14680 16548 17164 17300 19396 19836 
23 8264 8276 8844 9544 12816 15208 15332 15392 18580 9300 10700 10896 11296 12360 12516 13928 14168 14684 15896 16740 16836 17132 17720 
28 8504 11000 11172 13168 14112 15868 17376 17380 17576 8584 8804 10612 10852 11160 11344 11792 12840 12928 13100 13468 13860 14408 16600 16960 17912 18056 18816 19000 
21 8712 9484 11004 17632 18696 18780 7952 8812 9508 10532 10872 12372 12884 13628 16400 17028 17316 17740 18296 18912 19048 
30 8780 9208 9440 9792 9936 10448 16488 16704 17644 18112 8444 9220 9304 9852 10132 11008 11052 11404 11524 11660 11768 13100 14116 14424 15496 15736 16692 16760 18884 19268 
25 11064 11092 12148 12476 13280 14600 16340 17428 8424 8436 9964 10284 10288 12508 13396 13896 15344 16164 16288 17524 17648 17712 18156 18660 19252 
27 8300 9332 11064 12148 12476 13280 13396 13952 19256 7972 8436 9964 10288 10424 11076 11864 13776 13896 14600 14768 15344 15564 16288 17712 18660 19520 19840 
25 7828 8216 9924 13388 17136 18172 18760 19624 8032 10508 10764 11508 12528 12916 13644 13976 14896 15000 17264 17908 18460 19220 19264 19732 19776 
21 11064 12476 12572 13280 13396 13896 16304 19520 8056 8436 9964 11864 12148 12720 12776 13432 13476 14600 15564 16288 17712 
22 9260 9580 9868 10180 11164 13360 17360 8208 8980 9224 9808 10052 11268 12204 12404 12516 12832 15264 16160 16404 16968 17112 
21 9284 12656 14520 14804 17040 18028 9548 9680 12400 12632 13192 14060 14068 14376 14792 15752 16624 17572 17868 18292 19788 
17 8796 13500 15388 19208 19380 8348 8512 9536 11132 11940 13420 13820 15668 15768 16124 16148 18632 
26 8300 10424 10640 11300 13584 13952 18840 19432 19840 7832 7916 8136 11076 11264 11396 12716 12992 13224 13776 14768 15164 15564 17396 18660 19256 19516 
46 7828 7928 8032 8592 8792 9356 12452 13388 13976 14440 15032 18172 18760 19220 19512 19624 19776 9376 9924 10296 10508 10932 11440 11508 12528 12916 13284 13632 13644 14064 14084 14576 14800 15000 16120 16212 16552 16916 17260 17336 17908 18416 18460 19080 19264 19648 
23 7828 7928 8792 10508 13388 13976 18172 18760 8032 9356 9924 10932 13432 13644 14084 14800 15032 16916 18460 19220 19264 19624 19776 
32 8952 9088 9200 9256 10976 12392 13352 13528 14460 17760 17780 8764 8840 9352 9604 9840 10012 11196 11744 11852 13752 14248 14516 14772 17072 17444 17680 18036 18644 18716 18860 19696 
47 8312 9940 11236 11804 13084 13908 13944 15012 16764 17820 17832 17968 18060 18356 19424 19616 8172 8732 8824 9120 9348 9988 10696 11312 11796 11964 13576 13740 14180 14228 14632 14656 14972 15004 15204 15784 16356 16528 16560 17276 17920 18144 18260 18464 18492 18748 18764 
24 9580 9808 9868 10180 11504 16404 16524 18076 8208 9160 9224 9260 10644 11268 14976 15184 15264 16272 16460 16776 17360 17720 18308 18736 
46 8268 8320 8580 9024 9080 10900 11176 12252 12588 13200 14884 15508 17080 17208 17400 18108 19428 7924 8072 8448 8492 8636 8788 9276 9756 9864 9916 10124 10568 11460 11972 12872 14012 14220 14560 15964 16120 16324 17652 18040 18080 18268 18524 18772 18940 19732 
36 8052 9160 10708 12888 14612 15184 15896 16424 16524 17160 17332 18076 18708 8276 8476 8644 9300 10644 10896 11504 12108 12224 12636 14236 15332 15392 16020 16676 16740 17288 17720 18608 18612 18736 18792 19780 
28 9088 9132 9200 10976 11852 12392 13352 13528 17760 8952 9604 9840 10012 10312 11744 13752 14248 14516 15204 17072 17268 17444 17776 18036 18324 18644 18860 19696 
25 7992 10748 11568 12760 13380 15712 17628 18188 9180 10528 10652 12308 12492 13384 15172 15872 16036 16180 18088 18352 18424 18740 19060 19496 19604 
25 8192 9332 11864 13664 13952 15792 19256 19704 7972 8104 8300 10100 10244 10424 11064 11076 12272 13284 13396 13896 14216 16164 17260 18168 18660 
23 10040 12168 13216 13556 15028 15840 16800 18288 8272 9748 10920 11668 15172 15428 15996 16112 16140 16360 17036 17952 17992 18184 18224 
29 8516 10916 11068 11088 11728 12524 13492 13880 16876 19468 7852 8700 10432 10488 11632 11668 12448 13236 13448 13724 14436 15236 15776 16044 17488 17796 17888 19128 19676 
28 7992 15712 16036 17628 18088 18132 18188 19604 7996 8304 9104 9408 10528 10748 11568 11576 12760 13384 13400 13524 14024 15172 15872 16400 16616 16660 18212 18352 
31 8056 8436 9332 11864 12476 13280 13396 13624 13896 16304 19520 8548 9964 10124 10988 11064 11076 12572 12720 13432 14600 14832 15564 15792 16164 16288 17260 17540 17712 19252 19256 
45 8056 8300 9332 11076 11780 12476 12572 12776 13396 13952 17312 17540 19256 19488 19520 8436 8688 9944 9964 10124 10300 10424 11064 11864 12532 13280 13476 13584 13776 14216 14768 14832 14868 15092 15180 15416 15564 16028 16304 16328 16952 17804 18660 19304 19840 
30 7828 8216 9924 10508 11440 13388 15224 18172 18760 19220 7928 8032 8492 8788 10764 10876 13432 13644 13688 13976 14368 14800 14896 17136 18460 19080 19264 19512 19624 19776 
42 7972 8040 8192 9332 10988 11076 11864 13396 13664 13896 14832 15016 15792 18168 8056 8424 8512 8688 9216 9704 10100 12076 12100 12272 12476 13124 13280 13284 13584 13820 14216 14928 15564 15700 16124 16164 16304 17020 17260 19256 19520 19704 
36 8280 8708 10320 12260 13408 13664 13936 14824 15700 18168 18440 19324 19700 8128 8752 9216 9448 10544 10656 12220 12556 12856 13284 13904 14660 14956 15016 15604 15792 17020 18448 18920 19568 19680 19704 19724 
26 9068 9744 10760 11700 12004 13368 17088 18364 7900 9140 10940 11024 11188 12188 13736 14292 14500 14820 15272 16072 17164 17452 17912 18092 18516 19836 
35 7820 7948 10332 13940 14340 14524 14548 14620 16992 17348 18732 18844 19600 9296 9512 9552 9664 10628 11144 11704 11868 12928 13252 14408 14872 15860 15900 16064 16532 16608 16892 17496 17916 18012 19796 
44 7828 7928 8032 8592 9924 10508 12452 13388 13432 15000 15032 16304 17136 18172 18460 18760 19512 8160 8216 8788 9376 10388 12916 13124 13264 13644 13896 13976 14064 14084 14440 14800 14896 16120 16212 16552 17336 18416 19220 19264 19520 19624 19732 19776 
32 8100 8516 11632 11728 11920 12524 13492 16032 17488 17888 19468 7852 8376 10416 10844 10864 10916 11032 11068 11444 11668 12472 13236 13724 13836 13924 15776 16364 18368 18596 19128 19676 
32 9660 10476 10760 11700 13368 14292 16244 16668 17868 18804 19836 8036 8116 8140 9068 9112 9140 10940 11024 11040 11308 11968 11976 12084 12848 14788 15656 15948 16624 17164 18516 19728 
26 9940 11312 13944 14656 15004 15012 17820 18356 8732 8996 10696 10728 11236 11804 11964 12180 13484 13740 14496 14592 14632 15784 16528 17832 17920 19616 
32 9100 9608 11056 11432 12096 12416 13652 15636 15704 16572 8664 9216 9480 9860 10096 11116 12220 13460 14572 14628 14928 15404 15768 16000 16132 16148 17636 17936 18668 19344 19556 19668 
43 9808 10052 10180 10644 11504 14196 15264 16524 16936 17464 18076 18308 18736 19652 19844 8052 8976 9096 9160 9868 10228 10356 10516 11268 11456 13928 14300 14584 14712 14976 15184 15460 15468 15576 16080 16104 16272 16404 16776 16996 17360 17720 18608 
50 8280 8708 9972 10352 10960 12220 12260 13408 13536 13904 15480 15652 15700 18180 18440 19684 19716 8680 8868 9216 9268 10060 10304 10320 10336 10384 10544 11044 12104 12556 13912 13936 16140 16148 16360 16572 17480 17936 18168 18272 18276 18448 18920 18956 19040 19324 19344 19496 19680 19700 
59 8976 9580 9808 10052 10180 10228 10644 11268 11504 14196 14716 15468 16776 16936 16996 17464 18076 18308 18736 18812 19652 19844 8052 8208 9096 9224 9868 10236 10356 10516 10560 11456 12224 12896 13104 13928 14300 14712 14968 14976 15264 15460 15576 15960 16080 16272 16384 16404 16524 16564 16892 17000 17360 17956 18608 18744 18792 19140 19400 
24 8428 12660 12768 13292 13720 14688 15372 15556 7964 8244 9752 12900 13144 14172 15424 16356 16508 16628 16640 17560 18556 18916 19476 19792 
31 9580 9808 10180 10644 11268 11504 16404 16776 17360 17464 18308 8052 8208 9224 9868 10228 10516 12404 12516 12896 14196 14976 15264 15576 15960 16272 16460 18076 18736 18744 18792 
25 8216 9924 11440 14896 17136 18172 18760 19264 8492 8788 10764 12520 12916 13388 13644 13800 13976 15000 15224 16296 18008 19220 19624 19732 19776 
34 7828 9924 10388 11440 13388 14896 15000 17136 18760 19220 19512 19732 8032 8216 8592 8788 10508 10900 12252 12916 13800 13976 14220 14440 15224 15964 17600 18008 18172 18416 18460 19080 19428 19776 
40 7828 7928 8032 8216 9924 10508 10900 12452 13388 13432 15000 15032 17136 18760 19732 8492 8788 9376 10388 10764 12252 12588 12916 13124 13976 14084 14800 14896 15964 16120 16212 16304 16552 17080 18172 18460 19220 19264 19428 19776 
24 9808 10180 11504 14452 14976 15264 16776 18744 8932 9656 9868 12896 14584 15960 16104 16272 16404 16472 16756 17196 17360 17720 17816 18076 
27 8636 9864 10568 12252 13200 15508 17080 17400 18040 7888 8072 8580 8836 9804 9916 11140 12588 12772 16324 17208 17600 18208 18268 18772 18940 19732 19760 
61 8108 8964 9580 9808 10112 10180 10540 10644 11268 11504 13580 14584 14612 15264 15548 16776 17288 18076 18308 18744 18792 8052 8208 8476 8932 8980 9224 9344 9868 10516 10968 11144 11416 11952 12108 12896 13332 13760 14736 14944 14976 15960 16104 16272 16404 16472 16524 16676 16968 17160 17192 17196 17332 17360 17464 17720 17896 18380 18736 19360 19532 
22 10868 11116 11960 12016 16336 17620 19736 8252 8664 9100 10056 10948 11080 11832 12864 14808 15120 15788 16192 16412 16856 19556 
42 9044 11528 12508 13032 13600 13748 13784 14036 14284 16260 16568 17060 18876 19008 7968 8900 8956 9704 10076 10120 10520 10928 10932 11544 11808 12304 12440 12500 12980 13256 13304 13700 15216 15748 16100 17140 17416 17428 18088 18624 19692 19712 
25 9808 9868 10180 11504 14976 15264 16404 16776 18076 9260 9580 10644 12896 14452 14584 15960 16104 16272 16460 16524 16756 17360 18308 18736 18744 
32 9940 10728 11804 14180 15004 15012 17832 18464 19340 19424 19616 8732 9652 9684 10272 10696 11236 11796 12232 13204 13944 14232 14500 14632 15784 16344 17820 18060 18356 18492 18748 18924 
31 7828 7928 8032 12452 13388 13644 15032 18172 18760 19648 19776 9376 9924 10508 12916 13976 14084 15000 15504 16120 16212 16552 17336 17500 17640 17908 18460 19220 19264 19420 19624 
40 8104 8192 8280 9216 9268 12260 12272 12416 13664 15016 15700 15792 18168 18440 19704 7972 8040 8708 10100 10244 10320 10544 10960 11864 13284 13408 13820 13936 14156 14216 14628 14880 14928 16164 16572 17020 17624 18448 18920 19680 
31 9808 10644 11504 14452 14976 15184 16404 16524 16776 18076 8052 8644 9160 9656 9868 10180 11268 12224 12896 15264 15960 16272 16460 16472 16756 17720 17816 18308 18708 18736 18744 
23 9940 11236 13908 15004 17820 17832 18356 8732 8824 9348 10696 10728 11796 11964 13084 14180 14228 15012 16528 17920 18748 19340 19424 
25 7888 9700 9864 10568 12256 15508 17384 18940 9640 10340 11140 11740 12700 12772 13308 14380 14560 14900 15572 17208 17492 17944 18040 18108 18268 
34 7828 7928 8032 8216 9888 9924 10508 12452 13388 13976 17136 18760 19264 8492 8792 8856 10764 12520 12916 13432 14084 14800 14896 15000 15032 16120 16212 16916 18172 18460 19220 19732 19776 19828 
33 7828 7928 8032 9924 10508 11440 12452 13388 14896 17136 18760 19220 19776 8216 8788 12916 13432 13800 13976 14084 14800 15000 15032 15224 16120 16212 18008 18172 18460 19080 19512 19648 19732 
23 10240 10532 10908 12072 18728 19148 19472 8896 10316 10816 10832 10872 11420 11688 12372 12468 13804 15216 15520 18360 18696 19048 19500 
35 7828 8032 8592 10508 11440 12452 13388 14440 18416 18760 19220 19512 7928 8160 8788 8920 9924 10296 13284 13432 13688 13976 14064 14800 14896 15000 15032 15224 16120 16212 17260 18172 18460 19080 19776 
39 8008 8300 10640 11264 11300 13224 13952 14096 15984 16408 17396 19432 19840 7832 7916 8136 8672 10104 10424 11396 12296 12992 13444 13668 13680 13776 14000 14092 14436 14768 15280 15676 16152 17744 18072 18660 18840 19096 19256 
28 9348 9940 11236 11312 13740 13944 14632 15012 18060 19616 8948 8996 9732 9772 9952 10696 12432 13908 14180 14496 14604 14656 16320 17920 18356 18464 18712 18764 
28 8420 9432 9532 13360 16160 16476 18340 19784 8112 8208 8748 8780 9644 9816 10792 11164 11536 11640 12312 12832 13056 13636 13708 14176 14264 15128 17016 19140 
19 11120 12628 13984 14616 18232 18312 8308 10620 10692 10888 11384 11424 13996 14464 17440 17448 17580 17800 19752 
38 8976 10356 14196 14716 16080 16564 16936 16996 17464 18812 19400 19652 19844 8124 9096 9788 10228 10516 10560 10776 11456 11776 11916 12152 12984 13104 14300 14712 14784 14968 15420 15460 15576 16384 17956 18308 19140 19780 
30 8192 8424 9332 11076 13584 14216 14600 16164 19256 7972 8436 8688 10100 10424 10988 11064 11396 11864 12164 12272 12500 13280 13392 13396 13952 14832 15792 16340 17428 17524 
31 7972 8192 10320 13284 13664 14216 14440 16124 18440 19704 8040 8920 10244 10296 10656 11940 12164 12272 13936 14880 14908 15700 15792 16164 16492 17260 18168 18448 18920 19256 19512 
23 9004 13352 13752 15308 15932 18860 19572 8764 9088 9200 9456 9912 10196 10976 13780 14516 14608 15324 16628 17656 17760 18216 19372 
40 7828 7928 8032 8592 8920 10508 12452 13388 14440 15032 16552 18416 19220 19512 9184 9376 9924 9948 10296 10320 11440 13264 13284 13432 13688 13976 14064 14084 14800 15000 15604 16120 16196 16212 17260 17808 18460 18760 19080 19776 
29 7828 8032 8592 10508 12452 13388 14440 15032 19220 19512 7928 9376 9924 10296 11440 13284 13432 14064 14800 15000 16120 16212 16552 17260 18416 18460 18760 19080 19776 
25 7828 8032 10508 13388 14800 15000 17136 18760 7928 8592 8788 8792 9924 10388 12100 12452 12916 13432 13976 16120 18172 18460 19220 19732 19776 
25 8268 9700 10900 12588 14884 18108 18940 19732 8448 8492 8580 9024 9864 9916 12252 12872 14380 14900 15964 17136 17944 18080 18104 18268 18524 
21 10476 11976 12656 14060 15656 16624 9284 9548 9740 10128 11812 11968 12048 13328 13520 14292 16244 17004 17240 17868 18292 
28 8100 8972 10416 11552 11736 13312 13836 13924 16316 7852 8376 9560 10548 10676 10836 10936 11032 11112 11520 11920 12836 13852 14072 14588 15380 15492 15780 17488 
29 9848 11844 12256 13152 13696 16200 16240 17492 17508 19804 7888 9640 10428 11140 11740 12736 12772 13320 15340 15572 15592 16280 16900 17384 18204 18432 19404 19660 19764 
24 7828 8032 12452 13388 15000 17136 18760 19732 8492 8788 9924 10388 10508 10900 12252 12916 13976 15032 16120 16212 18460 19220 19264 19776 
22 9924 12452 13388 17136 18760 19648 19776 7828 8032 8216 12520 12916 13976 14896 15000 15032 16212 17500 17640 18460 19264 19732 
26 8552 12396 12932 15232 15328 16264 18376 18976 8308 8348 8392 9464 11472 11516 12268 12584 12704 13004 15152 15500 15824 16620 17588 18072 19392 19800 
26 10640 11300 13392 15164 16028 16328 17396 19432 7832 8136 8388 12284 12296 12776 12992 13224 13584 13680 13776 15280 15564 17540 18660 18840 18992 19840 
22 10336 13556 14660 16360 16800 17992 19040 8272 10040 11948 12168 12556 13604 13672 13904 14824 15840 15996 16140 16856 18180 19716 
19 8044 8724 10592 13020 13024 19456 7912 8612 8832 10108 10156 10472 10636 10816 13148 14076 15248 18784 19064 
20 10128 11812 11976 12920 15656 16624 9016 9740 10476 11968 11988 12656 13328 14292 15124 17004 17056 17108 17240 19192 
21 10008 10680 13424 14724 15688 18956 19684 9040 9184 10304 10624 11192 11420 13892 14064 14576 15480 16808 17668 18276 18300 
21 10644 11268 11504 16524 18076 18308 18736 8052 9160 9580 9808 10180 10516 15184 16272 16404 16776 17464 17720 18608 18792 
25 9348 9940 10696 11108 11236 13484 13944 15012 9652 10224 11312 12432 12904 13740 13908 14632 14656 15784 16468 17300 17920 18356 18712 18764 19616 
34 9436 9904 11036 11080 11388 11724 13684 13700 16568 16908 18344 18564 8232 8316 9044 10076 10140 10964 11068 11544 11960 12304 12552 12608 12960 13164 13236 13256 14480 14572 15560 18624 18656 19736 
26 9296 11144 11720 12512 12952 15468 16064 16700 16784 7820 9012 9224 10052 11564 11868 12496 12668 13928 14860 16372 16432 16892 17000 17344 18792 19636 
26 12128 12656 13072 13208 15440 15936 17536 17900 18292 9284 9548 10468 11900 12048 12428 12600 12860 13516 13520 14556 14664 16384 16624 17848 18220 19232 
24 8760 9076 9272 12912 13756 15844 16920 7848 7920 7960 8568 11424 11560 11984 12276 12288 12728 12856 14696 14956 15044 15432 15716 18472 
42 7848 7960 8568 9076 9272 11028 12876 12912 13756 14964 15288 15844 16076 16920 19224 7876 7920 8076 8760 10144 10444 11096 11424 11984 12276 12288 12728 12856 13092 13288 13364 14160 14396 14696 14956 15104 15432 17604 17884 18316 18680 18768 
29 7828 8216 9888 9924 10764 13388 13800 14896 18008 18760 8032 8160 8492 8856 9276 10508 11440 13644 13688 13976 16296 17136 17264 17408 18104 18460 19220 19264 19776 
25 7828 8032 8216 9924 12452 13388 13976 18760 7928 8492 8792 9888 10508 14896 15000 15032 16120 16212 16916 17136 17408 18460 19220 19264 19776 
25 11792 13116 13212 14992 15728 18600 19336 19412 8632 10216 11008 11344 11436 12124 13080 14700 14820 15832 16544 16744 16940 16944 17044 17380 18144 
32 11332 13056 14124 14244 14376 14520 14804 16476 18340 19320 8608 9420 9428 11604 12192 12312 13636 13676 13708 14068 14144 14264 14792 15128 15752 15972 17016 17040 17168 19408 19784 19788 
21 14196 14716 16080 16936 16996 19652 19844 8976 9096 10356 11456 11776 14300 14712 14784 14968 15460 16384 16564 17464 17956 
18 11272 14556 16732 16780 18852 19004 9120 9988 10752 12444 12464 12600 12820 13516 14532 16388 16924 18748 
22 9916 10116 10496 11992 15244 16300 18164 19428 7844 9708 9804 12252 12356 12540 12628 13872 15620 17080 17440 18080 18408 19044 
30 8100 8972 10836 10936 11552 11736 13312 13836 13924 15780 8132 8376 9388 9560 10072 10416 10548 10676 11112 11520 11920 11980 12836 13968 14072 14588 15380 15492 16316 19132 
25 10620 11384 13864 15244 17200 17440 18232 18312 18436 7844 8296 9328 9708 10996 12628 13996 14464 14616 15196 16300 17032 17448 18176 18628 19188 
26 8100 10548 10836 11552 13836 13924 14072 15780 16316 8376 8848 8972 10072 10372 10676 10812 10904 11112 11520 11736 11920 11980 13312 13852 13968 15492 
21 7828 8032 9924 13388 15000 17136 18760 8216 8788 10388 10508 12452 12916 13976 14896 16120 18460 19220 19264 19732 19776 
23 10392 11084 12316 13680 15872 19096 19516 7832 9180 9408 10064 10528 11672 13384 13400 13776 15268 15676 16152 16436 17396 17628 18996 
36 7976 12604 13316 13640 15068 15724 16772 17412 17840 18240 18592 19540 7984 8108 8984 9008 9152 9204 11572 12112 12360 13332 13692 13972 14028 14164 14372 14468 15396 16104 17520 18100 18828 18836 18960 19092 
22 7848 7960 9272 12912 14956 15844 16920 7920 9076 11028 11096 12276 12728 12856 13756 13936 15288 15432 15716 17604 19224 19700 
31 9696 13056 13636 14376 14520 14804 16476 18340 19320 8184 8444 8608 9852 11604 12312 13708 14068 14124 14144 14264 14792 15128 15496 15752 17016 17040 17168 17732 19408 19784 19788 
31 9348 9940 10696 11236 13484 13908 15012 15784 16468 19424 8824 11108 11804 12084 12432 12712 12904 13944 14228 14632 14656 15272 16528 17328 17820 17920 18356 18492 18712 18764 19616 
25 7828 8032 10388 12452 13388 15000 17136 18760 19776 8788 9924 10508 12916 13976 14220 15032 15964 16120 16212 17600 18460 19220 19264 19648 19732 
28 8568 9272 12856 12912 13364 13756 15844 16076 16920 7848 7920 7960 8076 8876 9076 9084 11424 11984 12276 12728 13288 14396 14956 15104 15432 15476 17032 17884 
22 13408 17020 18276 18440 18448 19684 19700 7956 8128 9268 10008 10304 10320 12260 13604 13904 14956 15480 15700 18168 18956 19568 
25 7820 9296 12952 14340 16992 18844 19636 19796 10052 10236 10332 10700 11564 11868 12928 13928 14408 14548 15860 15896 16064 16892 18252 19504 19600 
19 9076 12288 13936 14956 15648 15844 7920 8752 8760 9184 12456 12856 14696 15716 16920 18680 19480 19568 19700 
26 10488 11088 12168 13244 15028 16876 18224 7852 9748 10652 10920 11668 12448 12472 13412 13448 13464 13880 14016 14436 15428 15880 16044 17992 18288 19464 
20 14196 15460 16080 16936 19652 19844 8124 8292 8828 8976 9096 10356 11456 11776 14300 14712 14784 16996 17464 17956 
18 10568 11140 11740 11844 19764 7888 12788 13152 14560 15508 16200 16240 17384 17508 18204 18208 19188 19804 
25 8160 9924 10764 14896 17136 17264 18008 19732 8216 8492 8856 9888 10900 11440 12252 12916 13388 13688 13800 14920 15000 15604 16512 18460 19076 
39 7828 8032 8216 8792 9924 11060 12452 13388 13976 14800 16492 18760 19776 7928 8492 8592 9356 9888 10100 10304 10508 10932 12100 12544 12916 13284 14064 14896 15000 15032 16120 16212 16916 17136 17408 18460 19220 19264 19648 
55 8792 9356 9924 10008 11060 12452 12544 13388 13976 14064 14576 14800 14896 15032 15688 17136 18300 18416 18760 19776 7828 7928 8032 8216 8592 8920 9184 9376 10100 10304 10932 11440 12100 12916 13340 13424 13632 13704 13800 14724 15000 15604 15748 16212 16492 16552 16916 17336 18008 18276 18460 18956 19264 19648 19732 
20 11800 12340 12364 16368 17232 18648 19528 7868 8200 9244 11772 14288 14840 15436 15552 16812 17852 17988 18468 19816 
16 10336 10960 11044 16572 18180 9268 10352 12096 13556 13672 13904 13912 16360 17936 17992 19716 
38 11272 12464 12600 12820 13072 13516 14532 14556 16388 16732 16780 18320 19004 7864 7944 8064 9120 9988 10752 10848 12428 12444 12780 12860 14664 15440 15472 15628 16504 16868 17304 17536 17900 18292 18720 18852 19164 19308 
30 8828 10020 10188 10756 11488 11872 14200 15420 19276 19640 8196 8840 9352 9920 10204 10356 11240 11252 11416 11624 14564 14968 15132 15460 15756 16988 17372 17612 18528 19244 
21 11908 14852 15376 15584 17156 17748 18084 8520 8692 8744 9992 10992 11152 11232 12264 13228 13932 15732 16092 16156 16380 
30 7964 8428 8668 9456 13292 13780 14296 15308 19272 19572 7900 9004 9088 9768 9912 11168 11764 12004 12768 12900 13144 13736 13752 14608 14688 15336 15932 17656 18216 19476 
31 8032 8792 9924 12452 13388 13976 15000 17136 18760 19648 19776 7828 7928 8216 8788 9356 10932 12916 14220 14800 14896 15032 16120 16212 16916 17500 17640 17908 18460 19264 19732 
26 9492 9520 13632 13644 13856 17336 18460 19420 8160 8488 8500 8592 9356 10048 10316 11420 13340 13388 15096 15520 15528 15748 16040 16512 19264 19856 
36 9492 11060 12544 13632 13748 14064 14284 14800 15748 16492 18300 18956 8592 8792 9520 10008 10100 10304 10932 12100 12468 12980 13284 13340 13424 13600 13704 14576 15096 16260 16808 17140 19420 19512 19684 19856 
26 8792 9924 11060 13388 13976 14800 16492 18760 7828 7928 8216 9356 10100 10304 10932 12100 12544 13284 14064 14896 16916 17136 18460 19264 19512 19776 
31 9348 9940 10696 11236 13484 13944 15012 15272 15784 16468 17920 8824 11108 11312 12084 12432 12712 12904 13740 13908 14632 14656 17048 17328 17452 18356 18712 18724 18764 19424 19616 
42 7956 9184 10320 10656 10680 11192 13284 13408 13604 15648 15716 18276 18448 19684 19700 8128 8752 8760 8832 8876 10008 10296 10304 10624 12260 13424 13532 13664 13904 13936 14440 14660 14956 15480 15524 16492 17020 17668 18416 18440 18472 18956 
23 8672 9716 10564 12964 13224 17744 19432 7832 7916 8008 11788 11880 12176 12992 14092 14676 15108 15984 16188 16660 17152 18400 19096 
28 7828 12452 13388 13644 15032 16552 18760 19264 19776 7928 8032 9376 9924 10508 12916 13264 13976 16196 16212 16512 17336 17408 17808 18172 18460 19220 19420 19648 
26 8668 9004 9456 13292 14608 15308 16628 18588 19572 7964 8556 8660 9088 11764 12768 13656 13752 13780 14688 15932 16332 16720 17072 17656 17984 18216 
22 10304 11060 13408 17020 18448 18956 19684 7884 9268 10100 12260 12544 13424 13904 15480 16492 16808 18168 18276 18300 18440 19700 
35 8420 8780 9696 9852 13636 15496 16476 16724 16888 18340 19784 8112 8184 8444 8820 9220 9680 9816 9872 10132 10792 11524 12312 12428 13056 13708 14144 14708 15128 16704 17016 17168 17644 18112 19408 
39 8056 8436 9332 11076 11972 12076 12476 13124 13396 13432 14832 15720 16204 19256 8320 9964 10124 10244 10508 10648 11064 11864 12716 13584 13624 13896 13952 14216 15416 15564 16120 16288 16304 17260 17388 17540 18128 19080 19520 
36 8828 10356 14196 14612 14716 15420 16564 16996 17160 17464 19652 19780 8052 8476 8976 9096 9788 10204 10228 10756 11416 11916 12108 12152 14100 14968 15460 15576 15756 16384 17288 17956 18308 19360 19400 19844 
30 8272 8972 9560 11112 11552 11736 12088 12640 13836 15380 16316 8100 9748 9764 10548 10676 10836 10936 11588 12836 13312 13852 14032 14588 14808 15492 15660 16284 16800 19464 
23 7964 9456 12768 13292 13780 14688 19272 9004 9752 9768 9912 12900 13080 13144 13752 15308 15336 15556 15932 16628 18216 18556 18916 
29 7828 7928 8032 9704 12452 12508 13388 14084 15032 18760 8332 9376 9924 10076 10508 10932 10988 12720 13600 13976 15000 16120 16212 16552 17428 18460 19220 19264 19776 
38 7964 9456 9956 12660 12768 13292 14136 15556 16332 16628 17512 18556 19272 8244 8480 8660 9004 9768 11184 11436 12004 12900 13752 14172 14688 15308 15324 15336 15372 15832 15932 16972 17560 17760 18216 18644 18916 19476 
