  1.00000000E-01  0.00000000E+00  0.00000000E+00  0.00000000E+00
  3.00000000E-01  0.00000000E+00  0.00000000E+00  0.00000000E+00
  5.00000000E-01  0.00000000E+00  0.00000000E+00  0.00000000E+00
  7.00000000E-01  0.00000000E+00  0.00000000E+00  0.00000000E+00
  9.00000000E-01  0.00000000E+00  0.00000000E+00  0.00000000E+00
  1.10000000E+00  0.00000000E+00  0.00000000E+00  0.00000000E+00
  1.30000000E+00  0.00000000E+00  0.00000000E+00  0.00000000E+00
  1.50000000E+00  0.00000000E+00  0.00000000E+00  0.00000000E+00
  1.70000000E+00  0.00000000E+00  0.00000000E+00  0.00000000E+00
  1.90000000E+00  0.00000000E+00  0.00000000E+00  0.00000000E+00
  2.10000000E+00  0.00000000E+00  0.00000000E+00  0.00000000E+00
  2.30000000E+00  0.00000000E+00  0.00000000E+00  0.00000000E+00
  2.50000000E+00  0.00000000E+00  0.00000000E+00  0.00000000E+00
  2.70000000E+00  3.36932672E+00  3.92612813E+00  3.36932672E+00
  2.90000000E+00  2.33398690E+00  2.92115089E+00  2.33398690E+00
  3.10000000E+00  3.55415494E-01  4.75505592E-01  3.55415494E-01
  3.30000000E+00  6.46641118E-01  9.20947418E-01  6.46641118E-01
  3.50000000E+00  8.94116671E-01  1.35057845E+00  8.94116671E-01
  3.70000000E+00  9.83336552E-01  1.57022354E+00  9.83336552E-01
  3.90000000E+00  1.03408049E+00  1.74051002E+00  1.03408049E+00
  4.10000000E+00  1.14009463E+00  2.01735502E+00  1.14009463E+00
  4.30000000E+00  1.14825221E+00  2.13090124E+00  1.14825221E+00
  4.50000000E+00  1.12237624E+00  2.17975938E+00  1.12237624E+00
  4.70000000E+00  1.06372431E+00  2.15766751E+00  1.06372431E+00
  4.90000000E+00  1.00324910E+00  2.12159477E+00  1.00324910E+00
  5.10000000E+00  8.98140204E-01  1.97684169E+00  8.98140204E-01
  5.30000000E+00  9.01062996E-01  2.06105035E+00  9.01062996E-01
  5.50000000E+00  8.38465076E-01  1.99023906E+00  8.38465076E-01
  5.70000000E+00  8.43279032E-01  2.07445365E+00  8.43279032E-01
  5.90000000E+00  9.25776493E-01  2.35730479E+00  9.25776493E-01
  6.10000000E+00  1.03378191E+00  2.72155014E+00  1.03378191E+00
  6.30000000E+00  1.07755301E+00  2.92979187E+00  1.07755301E+00
  6.50000000E+00  1.11056917E+00  3.11541961E+00  1.11056917E+00
  6.70000000E+00  1.12439594E+00  3.25125963E+00  1.12439594E+00
  6.90000000E+00  1.04753731E+00  3.11943664E+00  1.04753731E+00
  7.10000000E+00  1.02783064E+00  3.14947007E+00  1.02783064E+00
  7.30000000E+00  9.91668956E-01  3.12425991E+00  9.91668956E-01
  7.50000000E+00  9.68908465E-01  3.13618441E+00  9.68908465E-01
  7.70000000E+00  9.64923992E-01  3.20657504E+00  9.64923992E-01
  7.90000000E+00  9.49116631E-01  3.23596826E+00  9.49116631E-01
  8.10000000E+00  9.52634151E-01  3.33018794E+00  9.52634151E-01
  8.30000000E+00  9.63742931E-01  3.45220737E+00  9.63742931E-01
  8.50000000E+00  9.85749404E-01  3.61612161E+00  9.85749404E-01
  8.70000000E+00  1.03607403E+00  3.89016138E+00  1.03607403E+00
  8.90000000E+00  1.03142208E+00  3.96172210E+00  1.03142208E+00
  9.10000000E+00  1.02400956E+00  4.02163805E+00  1.02400956E+00
  9.30000000E+00  9.97869221E-01  4.00510728E+00  9.97869221E-01
  9.50000000E+00  1.00231776E+00  4.10947752E+00  1.00231776E+00
  9.70000000E+00  1.00779554E+00  4.21892442E+00  1.00779554E+00
  9.90000000E+00  1.00567107E+00  4.29683551E+00  1.00567107E+00
  1.01000000E+01  9.98582534E-01  4.35274192E+00  9.98582534E-01
  1.03000000E+01  1.01423455E+00  4.50851171E+00  1.01423455E+00
  1.05000000E+01  1.00598882E+00  4.55868972E+00  1.00598882E+00
  1.07000000E+01  9.89082064E-01  4.56744874E+00  9.89082064E-01
  1.09000000E+01  9.90739233E-01  4.66061724E+00  9.90739233E-01
  1.11000000E+01  9.90181321E-01  4.74346048E+00  9.90181321E-01
  1.13000000E+01  9.94160422E-01  4.84833356E+00  9.94160422E-01
  1.15000000E+01  9.93360302E-01  4.93017368E+00  9.93360302E-01
  1.17000000E+01  1.00081248E+00  5.05354518E+00  1.00081248E+00
  1.19000000E+01  9.99464686E-01  5.13300862E+00  9.99464686E-01
  1.21000000E+01  1.00745067E+00  5.26098106E+00  1.00745067E+00
  1.23000000E+01  1.01773757E+00  5.40254629E+00  1.01773757E+00
  1.25000000E+01  9.96090377E-01  5.37361237E+00  9.96090377E-01
  1.27000000E+01  1.00195784E+00  5.49174984E+00  1.00195784E+00
  1.29000000E+01  1.00185417E+00  5.57765693E+00  1.00185417E+00
  1.31000000E+01  1.01468118E+00  5.73665164E+00  1.01468118E+00
  1.33000000E+01  1.00757644E+00  5.78345317E+00  1.00757644E+00
  1.35000000E+01  9.98882458E-01  5.81976881E+00  9.98882458E-01
  1.37000000E+01  9.89027330E-01  5.84771823E+00  9.89027330E-01
  1.39000000E+01  9.90997859E-01  5.94490740E+00  9.90997859E-01
  1.41000000E+01  1.00210986E+00  6.09806465E+00  1.00210986E+00
  1.43000000E+01  9.99122733E-01  6.16612687E+00  9.99122733E-01
  1.45000000E+01  9.87444427E-01  6.17928524E+00  9.87444427E-01
  1.47000000E+01  9.94224003E-01  6.30752756E+00  9.94224003E-01
  1.49000000E+01  9.98054477E-01  6.41797607E+00  9.98054477E-01
  1.51000000E+01  1.00170439E+00  6.52790918E+00  1.00170439E+00
  1.53000000E+01  1.00126601E+00  6.61147686E+00  1.00126601E+00
  1.55000000E+01  1.00477276E+00  6.72135959E+00  1.00477276E+00
  1.57000000E+01  1.01911043E+00  6.90523522E+00  1.01911043E+00
  1.59000000E+01  1.00143130E+00  6.87188468E+00  1.00143130E+00
  1.61000000E+01  9.96104643E-01  6.92131186E+00  9.96104643E-01
  1.63000000E+01  1.00521841E+00  7.07140345E+00  1.00521841E+00
  1.65000000E+01  1.00430723E+00  7.15168059E+00  1.00430723E+00
  1.67000000E+01  1.00447405E+00  7.23957000E+00  1.00447405E+00
  1.69000000E+01  1.00125130E+00  7.30276583E+00  1.00125130E+00
  1.71000000E+01  9.78796363E-01  7.22347269E+00  9.78796363E-01
  1.73000000E+01  9.89264487E-01  7.38611560E+00  9.89264487E-01
  1.75000000E+01  9.95627742E-01  7.51956324E+00  9.95627742E-01
  1.77000000E+01  9.96573343E-01  7.61272446E+00  9.96573343E-01
  1.79000000E+01  9.99827507E-01  7.72388306E+00  9.99827507E-01
  1.81000000E+01  9.96163168E-01  7.78155933E+00  9.96163168E-01
  1.83000000E+01  9.99564894E-01  7.89440972E+00  9.99564894E-01
  1.85000000E+01  1.01463083E+00  8.10097632E+00  1.01463083E+00
  1.87000000E+01  1.01529140E+00  8.19388554E+00  1.01529140E+00
  1.89000000E+01  1.01159483E+00  8.25136849E+00  1.01159483E+00
  1.91000000E+01  1.00572017E+00  8.29025911E+00  1.00572017E+00
  1.93000000E+01  1.00589859E+00  8.37855422E+00  1.00589859E+00
  1.95000000E+01  9.89723147E-01  8.32925037E+00  9.89723147E-01
  1.97000000E+01  1.00547614E+00  8.54861134E+00  1.00547614E+00
  1.99000000E+01  9.94071873E-01  8.53745525E+00  9.94071873E-01
