  1.00000000E-01  0.00000000E+00  0.00000000E+00  0.00000000E+00  0.00000000E+00
  3.00000000E-01  0.00000000E+00  0.00000000E+00  0.00000000E+00  0.00000000E+00
  5.00000000E-01  0.00000000E+00  0.00000000E+00  0.00000000E+00  0.00000000E+00
  7.00000000E-01  0.00000000E+00  0.00000000E+00  0.00000000E+00  0.00000000E+00
  9.00000000E-01  0.00000000E+00  0.00000000E+00  0.00000000E+00  0.00000000E+00
  1.10000000E+00  0.00000000E+00  0.00000000E+00  0.00000000E+00  0.00000000E+00
  1.30000000E+00  0.00000000E+00  0.00000000E+00  0.00000000E+00  0.00000000E+00
  1.50000000E+00  0.00000000E+00  0.00000000E+00  0.00000000E+00  0.00000000E+00
  1.70000000E+00  0.00000000E+00  0.00000000E+00  0.00000000E+00  0.00000000E+00
  1.90000000E+00  0.00000000E+00  0.00000000E+00  0.00000000E+00  0.00000000E+00
  2.10000000E+00  0.00000000E+00  0.00000000E+00  0.00000000E+00  0.00000000E+00
  2.30000000E+00  5.17777778E+02  5.17777778E+02  0.00000000E+00  0.00000000E+00
  2.50000000E+00  1.44933333E+03  1.44933333E+03  0.00000000E+00  0.00000000E+00
  2.70000000E+00  2.45288889E+03  2.45288889E+03  4.66000000E+03  4.66000000E+03
  2.90000000E+00  2.56933333E+03  2.56933333E+03  3.72400000E+03  3.72400000E+03
  3.10000000E+00  2.08911111E+03  2.08911111E+03  6.48000000E+02  6.48000000E+02
  3.30000000E+00  1.74866667E+03  1.74866667E+03  1.33600000E+03  1.33600000E+03
  3.50000000E+00  1.96066667E+03  1.96066667E+03  2.07800000E+03  2.07800000E+03
  3.70000000E+00  2.52866667E+03  2.52866667E+03  2.55400000E+03  2.55400000E+03
  3.90000000E+00  3.04866667E+03  3.04866667E+03  2.98400000E+03  2.98400000E+03
  4.10000000E+00  3.53311111E+03  3.53311111E+03  3.63600000E+03  3.63600000E+03
  4.30000000E+00  3.93577778E+03  3.93577778E+03  4.02800000E+03  4.02800000E+03
  4.50000000E+00  4.23488889E+03  4.23488889E+03  4.31200000E+03  4.31200000E+03
  4.70000000E+00  4.39977778E+03  4.39977778E+03  4.45800000E+03  4.45800000E+03
  4.90000000E+00  4.51155556E+03  4.51155556E+03  4.57000000E+03  4.57000000E+03
  5.10000000E+00  4.59000000E+03  4.59000000E+03  4.43200000E+03  4.43200000E+03
  5.30000000E+00  4.74022222E+03  4.74022222E+03  4.80200000E+03  4.80200000E+03
  5.50000000E+00  4.99800000E+03  4.99800000E+03  4.81200000E+03  4.81200000E+03
  5.70000000E+00  5.50511111E+03  5.50511111E+03  5.19800000E+03  5.19800000E+03
  5.90000000E+00  6.25111111E+03  6.25111111E+03  6.11400000E+03  6.11400000E+03
  6.10000000E+00  7.16111111E+03  7.16111111E+03  7.29800000E+03  7.29800000E+03
  6.30000000E+00  8.04800000E+03  8.04800000E+03  8.11400000E+03  8.11400000E+03
  6.50000000E+00  8.76066667E+03  8.76066667E+03  8.90200000E+03  8.90200000E+03
  6.70000000E+00  9.26666667E+03  9.26666667E+03  9.57600000E+03  9.57600000E+03
  6.90000000E+00  9.56955556E+03  9.56955556E+03  9.46200000E+03  9.46200000E+03
  7.10000000E+00  9.82022222E+03  9.82022222E+03  9.83000000E+03  9.83000000E+03
  7.30000000E+00  1.00815556E+04  1.00815556E+04  1.00260000E+04  1.00260000E+04
  7.50000000E+00  1.04275556E+04  1.04275556E+04  1.03400000E+04  1.03400000E+04
  7.70000000E+00  1.08446667E+04  1.08446667E+04  1.08540000E+04  1.08540000E+04
  7.90000000E+00  1.13415556E+04  1.13415556E+04  1.12380000E+04  1.12380000E+04
  8.10000000E+00  1.19564444E+04  1.19564444E+04  1.18580000E+04  1.18580000E+04
  8.30000000E+00  1.27382222E+04  1.27382222E+04  1.25960000E+04  1.25960000E+04
  8.50000000E+00  1.36491111E+04  1.36491111E+04  1.35120000E+04  1.35120000E+04
  8.70000000E+00  1.45935556E+04  1.45935556E+04  1.48780000E+04  1.48780000E+04
  8.90000000E+00  1.53686667E+04  1.53686667E+04  1.55000000E+04  1.55000000E+04
  9.10000000E+00  1.60057778E+04  1.60057778E+04  1.60880000E+04  1.60880000E+04
  9.30000000E+00  1.65680000E+04  1.65680000E+04  1.63740000E+04  1.63740000E+04
  9.50000000E+00  1.72224444E+04  1.72224444E+04  1.71620000E+04  1.71620000E+04
  9.70000000E+00  1.79326667E+04  1.79326667E+04  1.79900000E+04  1.79900000E+04
  9.90000000E+00  1.87008889E+04  1.87008889E+04  1.87000000E+04  1.87000000E+04
  1.01000000E+01  1.94708889E+04  1.94708889E+04  1.93260000E+04  1.93260000E+04
  1.03000000E+01  2.02402222E+04  2.02402222E+04  2.04140000E+04  2.04140000E+04
  1.05000000E+01  2.09533333E+04  2.09533333E+04  2.10420000E+04  2.10420000E+04
  1.07000000E+01  2.16400000E+04  2.16400000E+04  2.14840000E+04  2.14840000E+04
  1.09000000E+01  2.23757778E+04  2.23757778E+04  2.23320000E+04  2.23320000E+04
  1.11000000E+01  2.31864444E+04  2.31864444E+04  2.31460000E+04  2.31460000E+04
  1.13000000E+01  2.40795556E+04  2.40795556E+04  2.40840000E+04  2.40840000E+04
  1.15000000E+01  2.49913333E+04  2.49913333E+04  2.49240000E+04  2.49240000E+04
  1.17000000E+01  2.59551111E+04  2.59551111E+04  2.59920000E+04  2.59920000E+04
  1.19000000E+01  2.69604444E+04  2.69604444E+04  2.68520000E+04  2.68520000E+04
  1.21000000E+01  2.79555556E+04  2.79555556E+04  2.79840000E+04  2.79840000E+04
  1.23000000E+01  2.89080000E+04  2.89080000E+04  2.92120000E+04  2.92120000E+04
  1.25000000E+01  2.97713333E+04  2.97713333E+04  2.95280000E+04  2.95280000E+04
  1.27000000E+01  3.07271111E+04  3.07271111E+04  3.06600000E+04  3.06600000E+04
  1.29000000E+01  3.17360000E+04  3.17360000E+04  3.16300000E+04  3.16300000E+04
  1.31000000E+01  3.27993333E+04  3.27993333E+04  3.30360000E+04  3.30360000E+04
  1.33000000E+01  3.37153333E+04  3.37153333E+04  3.38140000E+04  3.38140000E+04
  1.35000000E+01  3.45600000E+04  3.45600000E+04  3.45380000E+04  3.45380000E+04
  1.37000000E+01  3.54437778E+04  3.54437778E+04  3.52180000E+04  3.52180000E+04
  1.39000000E+01  3.64788889E+04  3.64788889E+04  3.63260000E+04  3.63260000E+04
  1.41000000E+01  3.75751111E+04  3.75751111E+04  3.77980000E+04  3.77980000E+04
  1.43000000E+01  3.86382222E+04  3.86382222E+04  3.87620000E+04  3.87620000E+04
  1.45000000E+01  3.96715556E+04  3.96715556E+04  3.93880000E+04  3.93880000E+04
  1.47000000E+01  4.08028889E+04  4.08028889E+04  4.07600000E+04  4.07600000E+04
  1.49000000E+01  4.20171111E+04  4.20171111E+04  4.20380000E+04  4.20380000E+04
  1.51000000E+01  4.32851111E+04  4.32851111E+04  4.33320000E+04  4.33320000E+04
  1.53000000E+01  4.45955556E+04  4.45955556E+04  4.44680000E+04  4.44680000E+04
  1.55000000E+01  4.58900000E+04  4.58900000E+04  4.57980000E+04  4.57980000E+04
  1.57000000E+01  4.71208889E+04  4.71208889E+04  4.76580000E+04  4.76580000E+04
  1.59000000E+01  4.82057778E+04  4.82057778E+04  4.80320000E+04  4.80320000E+04
  1.61000000E+01  4.93215556E+04  4.93215556E+04  4.89860000E+04  4.89860000E+04
  1.63000000E+01  5.05455556E+04  5.05455556E+04  5.06700000E+04  5.06700000E+04
  1.65000000E+01  5.18331111E+04  5.18331111E+04  5.18740000E+04  5.18740000E+04
  1.67000000E+01  5.29633333E+04  5.29633333E+04  5.31480000E+04  5.31480000E+04
  1.69000000E+01  5.39671111E+04  5.39671111E+04  5.42540000E+04  5.42540000E+04
  1.71000000E+01  5.49720000E+04  5.49720000E+04  5.43000000E+04  5.43000000E+04
  1.73000000E+01  5.62555556E+04  5.62555556E+04  5.61720000E+04  5.61720000E+04
  1.75000000E+01  5.77148889E+04  5.77148889E+04  5.78480000E+04  5.78480000E+04
  1.77000000E+01  5.92268889E+04  5.92268889E+04  5.92340000E+04  5.92340000E+04
  1.79000000E+01  6.06655556E+04  6.06655556E+04  6.07780000E+04  6.07780000E+04
  1.81000000E+01  6.21595556E+04  6.21595556E+04  6.19160000E+04  6.19160000E+04
  1.83000000E+01  6.38062222E+04  6.38062222E+04  6.35080000E+04  6.35080000E+04
  1.85000000E+01  6.55388889E+04  6.55388889E+04  6.58820000E+04  6.58820000E+04
  1.87000000E+01  6.71184444E+04  6.71184444E+04  6.73580000E+04  6.73580000E+04
  1.89000000E+01  6.85075556E+04  6.85075556E+04  6.85560000E+04  6.85560000E+04
  1.91000000E+01  6.96517778E+04  6.96517778E+04  6.96080000E+04  6.96080000E+04
  1.93000000E+01  7.08735556E+04  7.08735556E+04  7.10860000E+04  7.10860000E+04
  1.95000000E+01  7.46860000E+04  7.46860000E+04  7.14000000E+04  7.14000000E+04
  1.97000000E+01  7.46860000E+04  7.46860000E+04  7.40320000E+04  7.40320000E+04
  1.99000000E+01  7.46860000E+04  7.46860000E+04  7.46860000E+04  7.46860000E+04
