   9.99999978E-03   0.00000000    
   2.99999993E-02   0.00000000    
   4.99999970E-02   0.00000000    
   7.00000003E-02   0.00000000    
   8.99999961E-02   0.00000000    
  0.109999999       0.00000000    
  0.129999995       0.00000000    
  0.149999991       0.00000000    
  0.170000002       0.00000000    
  0.189999998       0.00000000    
  0.209999993       0.00000000    
  0.229999989       0.00000000    
  0.250000000       0.00000000    
  0.269999981       3.36932731    
  0.289999992       2.33398700    
  0.310000002      0.355415493    
  0.329999983      0.646641195    
  0.349999994      0.894116759    
  0.370000005      0.983336508    
  0.389999986       1.03408062    
  0.409999996       1.14009464    
  0.429999977       1.14825225    
  0.449999988       1.12237632    
  0.469999999       1.06372428    
  0.489999980       1.00324917    
  0.509999990      0.898140311    
  0.529999971      0.901063085    
  0.550000012      0.838465035    
  0.569999993      0.843279064    
  0.589999974      0.925776541    
  0.610000014       1.03378189    
  0.629999995       1.07755303    
  0.649999976       1.11056924    
  0.669999957       1.12439597    
  0.689999998       1.04753721    
  0.709999979       1.02783072    
  0.729999959      0.991669059    
  0.750000000      0.968908489    
  0.769999981      0.964924037    
  0.789999962      0.949116707    
  0.810000002      0.952634215    
  0.829999983      0.963742971    
  0.849999964      0.985749483    
  0.870000005       1.03607404    
  0.889999986       1.03142214    
  0.909999967       1.02400959    
  0.930000007      0.997869253    
  0.949999988       1.00231779    
  0.969999969       1.00779557    
  0.989999950       1.00567114    
   1.00999999      0.998582482    
   1.02999997       1.01423454    
   1.04999995       1.00598896    
   1.06999993      0.989082217    
   1.09000003      0.990739167    
   1.11000001      0.990181267    
   1.13000000      0.994160473    
   1.14999998      0.993360281    
   1.16999996       1.00073552    
   1.18999994      0.999539196    
   1.20999992       1.00745082    
   1.23000002       1.01773751    
   1.25000000      0.996090353    
   1.26999998       1.00195789    
   1.28999996       1.00185418    
   1.30999994       1.01468122    
   1.32999992       1.00757647    
   1.35000002      0.998882353    
   1.37000000      0.989027321    
   1.38999999      0.990997910    
   1.40999997       1.00210989    
   1.42999995      0.999122739    
   1.44999993      0.987444580    
   1.46999991      0.994224191    
   1.49000001      0.998054504    
   1.50999999       1.00170445    
   1.52999997       1.00126600    
   1.54999995       1.00477278    
   1.56999993       1.01915336    
   1.58999991       1.00138962    
   1.61000001      0.996104598    
   1.63000000       1.00521851    
   1.64999998       1.00430727    
   1.66999996       1.00447404    
   1.68999994       1.00128829    
   1.70999992      0.978760421    
   1.73000002      0.989264429    
   1.75000000      0.995627701    
   1.76999998      0.996573329    
   1.78999996      0.999827504    
   1.80999994      0.996163309    
   1.82999992      0.999565005    
   1.84999990       1.01463091    
   1.87000000       1.01529133    
   1.88999999       1.01159489    
   1.90999997       1.00572014    
   1.92999995       1.00589859    
   1.94999993      0.989695489    
   1.96999991       1.00550342    
   1.99000001      0.994071841    
