29 4479 5135 7563 8403 11831 19679 20123 21467 25875 27639 1499 2279 4135 4487 4811 7243 9195 15935 15943 16055 17935 19135 19819 21451 23967 24351 26111 27191 28219 
36 527 1027 3459 5115 6043 7143 7883 13519 16963 17351 23339 27575 1059 2379 2807 3883 4079 4359 4603 6255 6391 6667 7643 8979 11031 12535 12611 14743 15059 18263 19635 20159 21503 22867 23151 25311 
25 7487 9063 11655 12707 13915 15175 15911 17783 19231 1611 3475 5535 5755 6239 7347 8903 15531 16075 20551 20711 21139 24163 24347 25807 27135 
39 651 783 1043 1163 1363 4755 5915 16191 20331 21179 22223 27283 27339 28167 3051 3267 4059 4135 4999 5411 6047 6991 8843 10911 11271 13451 14087 14419 15927 15983 15987 18027 18271 18707 19479 22311 22803 25963 28339 
55 1535 1755 3827 3875 4515 4675 6227 6299 7391 11539 14115 19047 19147 19683 21591 21735 23443 23683 25535 27303 767 1031 1127 1655 3299 3579 4355 5383 5891 6651 7339 7727 7759 7811 8547 8967 9767 11451 11823 14171 14615 14915 16927 18171 20271 20391 21379 21971 22343 22991 24311 26243 26535 26831 27379 
25 1371 1923 4471 6279 9739 12883 21219 25191 787 6643 7063 7691 10479 12487 15399 16443 16671 17023 17731 17835 20895 22571 24059 24999 26611 
32 5431 5507 6455 7111 9871 13987 14263 19623 19735 22879 25003 28319 1119 4831 5847 5979 8663 10883 12719 12935 14467 15563 17971 18199 18715 19335 22127 23507 24179 25335 25447 25743 
41 3467 6023 7771 7887 8571 9611 13103 15715 15779 20927 21835 23743 23891 25451 515 2571 2723 3719 4207 8811 8955 10555 10595 10687 11599 11671 12179 12595 13359 14547 14843 15815 17771 17931 18163 20399 23603 24615 25075 26843 27611 
34 1839 3271 4375 7115 8995 9651 9655 10695 10811 16915 27083 771 847 2443 3239 4847 4927 5343 11107 12299 14175 14251 14863 15291 15623 19655 20055 20383 22711 22963 23135 23679 24031 26107 
31 1427 1539 1899 1951 4599 7807 13755 14311 20315 20531 25795 971 1763 3007 7167 8063 12539 13815 15223 16135 17079 18527 18867 20743 22443 22899 24063 25103 25491 26607 28363 
30 3447 4139 12383 12551 19959 22583 24435 25343 26711 26743 719 1875 2223 3783 4767 11087 14979 15511 17603 18255 18891 19755 21155 22015 22055 22251 23299 24423 27055 28127 
32 1063 6791 8723 9375 10403 12879 15763 19647 19963 26747 27235 1247 2055 2799 5075 6691 7703 8699 9403 10683 11691 13855 16723 17187 17579 17595 20167 20499 21603 24251 26387 26511 
28 9563 10863 12883 12955 13151 16271 23415 24499 26939 28351 751 1567 2495 5359 6335 7775 9259 9895 12311 12327 14315 14647 14975 21263 22651 22827 24139 25615 
28 4035 4519 5127 5779 15007 15839 18247 19299 23723 24423 1551 1635 3011 3415 3855 5639 5687 7587 9263 10531 11563 12375 12703 14159 19839 22055 22319 22427 
47 4031 5639 8375 9663 10475 12703 14159 15007 18651 19299 20935 22055 22319 22427 23699 24423 27211 1187 1551 2707 3415 4035 4259 4519 4611 4615 4779 5127 8675 9087 9263 11407 11563 12163 12375 13751 15287 16875 18247 18435 19331 21611 24167 24655 24755 24819 26491 
40 1819 2859 6187 8311 9695 13179 16239 16823 21307 22583 25715 26407 27647 27799 1083 1319 3751 5055 5251 5467 6039 7775 8319 10363 10511 12527 14315 14619 14647 17099 17299 17927 20055 23159 23407 23975 25527 25887 26947 26955 
45 1307 2087 4855 8823 11963 12831 14367 14991 16103 17535 18223 20319 22387 23479 27695 1283 1879 1943 3731 4103 4495 5255 5495 5695 6259 7795 9111 11407 12079 12951 15099 15467 16871 18031 18779 18807 19599 20275 20579 22383 23847 23875 25015 26335 27255 
31 1887 2499 2547 8703 11883 15667 20863 21043 23723 25815 3375 3575 6647 9043 10371 11943 12015 13443 13691 14235 14583 14731 14767 16875 18359 21763 23367 23487 24007 24083 26059 
34 1323 2071 3087 6651 7367 8335 10167 10931 11379 11923 26663 531 735 3511 6499 6939 8843 9303 10111 11139 12027 13859 14407 14719 14983 15415 18847 19659 20679 21563 23923 24975 27251 27631 
48 851 1271 6047 7371 13579 13683 15987 16243 16655 20067 22755 23831 24419 24803 26295 26939 28351 1043 3567 4235 5339 5915 6559 7919 8447 9503 10127 11483 14475 18947 19611 19907 20447 21571 22259 22311 23043 23103 23803 23835 24659 24939 25579 26359 27095 27191 27903 28039 
45 2875 4343 8183 8367 9331 9535 12559 14167 18799 19511 24679 24867 25275 26463 26475 855 3343 5371 5727 6947 8795 8899 9175 9307 9451 9851 12515 12971 13147 15663 16431 17859 18787 18979 19143 19283 19639 21695 21819 22135 23475 24295 25267 25743 26007 
19 7523 7959 8015 11559 24779 26307 3851 4719 5723 8551 9799 10199 10251 11367 19359 21491 27099 28119 28267 
39 5263 6315 9603 11347 11747 12811 16031 17259 18239 19343 20955 25227 26083 2187 3911 5115 5715 7419 8755 8947 9443 10115 13159 15143 15191 16303 16495 16867 19815 19943 21243 23295 23663 23963 24195 24527 24911 25703 27555 
23 4779 5523 9951 13031 14127 14399 14511 9263 10867 12059 16307 17055 20407 20823 21059 21511 21879 22383 23267 23331 23871 25639 25931 
33 955 1411 3703 5255 5351 11751 22903 24335 25195 26599 27747 1719 2819 3251 5631 7691 8907 9315 9587 11323 12287 12711 13687 16427 17395 17763 17871 21463 21519 22231 24171 24671 25463 
41 1651 8471 9511 13115 15867 18123 18331 18355 21051 21663 23599 24615 25075 25147 3871 5999 6555 7119 7295 7567 7727 7803 8903 9191 9247 9619 10135 11143 14867 16703 16767 16987 17187 19847 20395 20863 20999 26099 27147 27175 28171 
